VERSION_SHORT=17.2

// Internal long version example: VERSION_LONG=9.9.0.20180423
VERSION_LONG=17.2.0.20210423
