VERSION_SHORT=15.9

// Internal long version example: VERSION_LONG=9.9.0.20180423
VERSION_LONG=15.9.0.20201005
