VERSION_SHORT=16.5.1

// Internal long version example: VERSION_LONG=9.9.0.20180423
VERSION_LONG=16.5.1.20210126
