VERSION_SHORT=21.8.2

// Internal long version example: VERSION_LONG=9.9.0.20180423
VERSION_LONG=21.8.2.20230313
