VERSION_SHORT=20.4

// Internal long version example: VERSION_LONG=9.9.0.20180423
VERSION_LONG=20.4.0.20220725
