VERSION_SHORT=21.5

// Internal long version example: VERSION_LONG=9.9.0.20180423
VERSION_LONG=21.5.0.20230117
