VERSION_SHORT=14.9

// Internal long version example: VERSION_LONG=9.9.0.20180423
VERSION_LONG=14.9.0.20200518
