VERSION_SHORT=12.1.3

// Internal long version example: VERSION_LONG=9.9.0.20180423
VERSION_LONG=12.1.3.20190412