VERSION_SHORT=21.4

// Internal long version example: VERSION_LONG=9.9.0.20180423
VERSION_LONG=21.4.0.20230103
