VERSION_SHORT=12.9

// Internal long version example: VERSION_LONG=9.9.0.20180423
VERSION_LONG=12.9.0.20190726
