VERSION_SHORT=23.1

// Internal long version example: VERSION_LONG=9.9.0.20180423
VERSION_LONG=23.1.0.20230901
