VERSION_SHORT=17.0

// Internal long version example: VERSION_LONG=9.9.0.20180423
VERSION_LONG=17.0.0.20210326
