VERSION_SHORT=16.6

// Internal long version example: VERSION_LONG=9.9.0.20180423
VERSION_LONG=16.6.0.20210129
