VERSION_SHORT=16.0

// Internal long version example: VERSION_LONG=9.9.0.20180423
VERSION_LONG=16.0.0.20201023
