VERSION_SHORT=10.8

// Internal long version example: VERSION_LONG=9.9.0.20180423
VERSION_LONG=10.8.0.20180829
