VERSION_SHORT=18.9

// Internal long version example: VERSION_LONG=9.9.0.20180423
VERSION_LONG=18.9.0.20211221
