VERSION_SHORT=22.7

// Internal long version example: VERSION_LONG=9.9.0.20180423
VERSION_LONG=22.7.0.20230707
