VERSION_SHORT=21.7

// Internal long version example: VERSION_LONG=9.9.0.20180423
VERSION_LONG=21.7.0.20230206
