VERSION_SHORT=14.6

// Internal long version example: VERSION_LONG=9.9.0.20180423
VERSION_LONG=14.6.0.20200410
