VERSION_SHORT=19.5

// Internal long version example: VERSION_LONG=9.9.0.20180423
VERSION_LONG=19.5.0.20220324
