VERSION_SHORT=13.6

// Internal long version example: VERSION_LONG=9.9.0.20180423
VERSION_LONG=13.6.0.20191115
