VERSION_SHORT=11.9

// Internal long version example: VERSION_LONG=9.9.0.20180423
VERSION_LONG=11.9.0.20190225
