VERSION_SHORT=10.4.1

// Internal long version example: VERSION_LONG=9.9.0.20180423
VERSION_LONG=10.4.1.20180720
