VERSION_SHORT=10.3

// Internal long version example: VERSION_LONG=9.9.0.20180423
VERSION_LONG=10.3.0.20180629
