VERSION_SHORT=10.6

// Internal long version example: VERSION_LONG=9.9.0.20180423
VERSION_LONG=10.6.0.20180811
