VERSION_SHORT=22.1

// Internal long version example: VERSION_LONG=9.9.0.20180423
VERSION_LONG=22.1.0.20230414
