VERSION_SHORT=10.44

// Internal long version example: VERSION_LONG=9.9.0.20180423
VERSION_LONG=10.44.0.20200309
