VERSION_SHORT=11.8

// Internal long version example: VERSION_LONG=9.9.0.20180423
VERSION_LONG=11.8.0.20190218
