VERSION_SHORT=23.5

// Internal long version example: VERSION_LONG=9.9.0.20180423
VERSION_LONG=23.5.0.20231020
