VERSION_SHORT=19.6

// Internal long version example: VERSION_LONG=9.9.0.20180423
VERSION_LONG=19.6.0.20220413
