VERSION_SHORT=21.8

// Internal long version example: VERSION_LONG=9.9.0.20180423
VERSION_LONG=21.8.0.20230224
